11111	b	12000	1200
111111	B	13000	1300
222200	B	15000	1500
111888	B	19200	1920
111000	b	25000	2500
44444	B	31000	3100
222300	s	45000	6750
111666	S	45678	6851.7
22222	S	54000	8100
111222	s	54500	8175
222100	S	56000	8400
111333	S	67250	10087.5
55555	s	76000	11400
111777	L	89123	17824.6
111444	l	120400	24080
111555	L	130500	26100
66666	L	190000	38000
222400	L	250000	50000
33333	l	360000	72000
11111  b  12000 1200
14000  s  49000 7350
11111  b  15000 1500
22222  s  35000 5250
11111  b  12000 1200
11111  b  12000 1200
11111  b  12000 1200
